Travel time
4t 26m 13s
Distance
383km
Nodes traversed: 897

latitude,longitude
64.1457817,-21.9434396
64.145866,-21.9435765
64.1465801,-21.9427397
64.1460011,-21.9402232
64.1457021,-21.9388924
64.1453095,-21.9393169
64.1450637,-21.9393684
64.1445132,-21.9396146
64.1428485,-21.9402877
64.1409584,-21.9388693
64.1397105,-21.9379621
64.139545,-21.9380813
64.1393115,-21.9385017
64.1389729,-21.9392849
64.1387214,-21.9398234
64.1386119,-21.9400809
64.1385607,-21.9399521
64.1383529,-21.939468
64.1364382,-21.9345571
64.1361571,-21.9333271
64.1361146,-21.9331056
64.1359116,-21.9317661
64.1357224,-21.9283309
64.1358516,-21.9238887
64.1358688,-21.9234692
64.1361445,-21.9184331
64.1351994,-21.9117322
64.135104,-21.9112655
64.1349768,-21.9106243
64.1349471,-21.910463
64.1348578,-21.9098992
64.134374,-21.9066608
64.1343528,-21.9065196
64.1342899,-21.9061029
64.1337874,-21.9031484
64.1334002,-21.9007874
64.1331431,-21.8990654
64.1330425,-21.8983476
64.1329879,-21.8979982
64.1328439,-21.8970833
64.1328301,-21.896997
64.1325403,-21.8950065
64.1324691,-21.8945436
64.132208,-21.8928457
64.1318383,-21.890442
64.1310946,-21.8855421
64.1310255,-21.8850871
64.1308582,-21.8839968
64.1308179,-21.8837248
64.1306786,-21.8828827
64.129657,-21.8768354
64.1294635,-21.8757094
64.1294211,-21.8754646
64.1292493,-21.8744756
64.1288632,-21.8719984
64.1287398,-21.8712604
64.128486,-21.869754
64.1280996,-21.8674853
64.1274095,-21.8634105
64.1272237,-21.862296
64.1265547,-21.8583744
64.1263136,-21.8569615
64.1256906,-21.8533281
64.1249883,-21.8490554
64.1248289,-21.8479274
64.1246046,-21.8462126
64.1241782,-21.842018
64.1241485,-21.8416415
64.1240342,-21.840162
64.1239419,-21.8384165
64.1237812,-21.8324909
64.1238812,-21.8240887
64.1239138,-21.8229682
64.1239459,-21.8203719
64.1239829,-21.8166385
64.1240702,-21.8122657
64.1240837,-21.811402
64.1240883,-21.8104769
64.1240368,-21.8074267
64.1240438,-21.8055279
64.1240888,-21.8025059
64.1241774,-21.7993895
64.1242408,-21.7975961
64.1242438,-21.7973776
64.1242541,-21.7966218
64.124278,-21.7950303
64.1243715,-21.7909159
64.1247038,-21.7866022
64.1257234,-21.7809647
64.1310172,-21.7665017
64.1320481,-21.7644946
64.1340169,-21.761905
64.1351526,-21.760796
64.1354666,-21.7604998
64.1361239,-21.7599742
64.1387743,-21.7581522
64.138829,-21.7579306
64.1390546,-21.7577857
64.1391162,-21.7578475
64.1404427,-21.757263
64.1533775,-21.737302
64.1534664,-21.7370187
64.1535308,-21.7369524
64.1579551,-21.7268471
64.158536,-21.7250126
64.1585218,-21.7246695
64.1587181,-21.7242368
64.1588134,-21.724241
64.15956,-21.7222801
64.1605248,-21.7200186
64.1612183,-21.7192238
64.1650046,-21.7090521
64.1648929,-21.7069459
64.1647189,-21.7066879
64.1647125,-21.7061791
64.1653066,-21.6935306
64.1652792,-21.6930465
64.1654069,-21.6927245
64.1655383,-21.6927043
64.167811,-21.6838917
64.1678087,-21.6837461
64.1678276,-21.6835938
64.1679222,-21.683369
64.1679951,-21.6833181
64.1758456,-21.6768171
64.1759498,-21.6765711
64.1761268,-21.6765666
64.1762009,-21.6766925
64.1775252,-21.6772217
64.1786439,-21.6777876
64.1799996,-21.6784241
64.1807162,-21.6787446
64.1818806,-21.6792826
64.1859955,-21.6838911
64.1883616,-21.6859192
64.1886684,-21.6862302
64.1893509,-21.6870305
64.1894456,-21.6871626
64.1939127,-21.6965354
64.1943409,-21.6972597
64.1943722,-21.6972638
64.1945359,-21.6976005
64.1945025,-21.698053
64.1946328,-21.6984685
64.1948605,-21.6991972
64.1954865,-21.7008619
64.196191,-21.7026058
64.2068716,-21.7105769
64.207643,-21.7124047
64.2077521,-21.7127408
64.2078009,-21.7129022
64.2069447,-21.7361639
64.2079252,-21.7614018
64.2103646,-21.7674331
64.2120121,-21.7715378
64.213134,-21.7749516
64.2146523,-21.7806227
64.215378,-21.7832756
64.2166727,-21.7880796
64.2174039,-21.7907358
64.2191441,-21.7971739
64.2295067,-21.8157229
64.2335786,-21.8185553
64.2344857,-21.8193573
64.2378051,-21.8231891
64.2381801,-21.8237289
64.240953,-21.8277675
64.2423013,-21.8289247
64.2428089,-21.8292392
64.2436162,-21.8296557
64.24826,-21.8297401
64.2517593,-21.8296918
64.2622675,-21.8331892
64.2655094,-21.833715
64.2666796,-21.8339598
64.2676677,-21.8342068
64.2699432,-21.8349299
64.271209,-21.8354197
64.2714443,-21.8355484
64.2724442,-21.8362624
64.2737622,-21.8376488
64.2742719,-21.8383747
64.274331,-21.8384539
64.2763521,-21.8404622
64.2806333,-21.8403145
64.2824207,-21.839337
64.2973921,-21.8533888
64.3097364,-21.903898
64.3090606,-21.9050379
64.3083853,-21.9069811
64.3080338,-21.9109433
64.3082602,-21.9117913
64.3084327,-21.911906
64.3093445,-21.9114487
64.3094633,-21.9112761
64.3098919,-21.9103522
64.3100592,-21.9099515
64.3102107,-21.9095645
64.3114352,-21.90579
64.3124604,-21.9013101
64.3196537,-21.88318
64.3230012,-21.875918
64.3257855,-21.8678443
64.3287858,-21.855899
64.3362269,-21.8357322
64.3398614,-21.8249282
64.348449,-21.8127962
64.3518755,-21.8092588
64.3569939,-21.8064513
64.3776252,-21.8508033
64.3793713,-21.8518138
64.3802465,-21.8518113
64.3820092,-21.8508167
64.3825481,-21.8502766
64.3830612,-21.8496588
64.38336,-21.849238
64.3834436,-21.8490932
64.3841238,-21.8480585
64.3859791,-21.8465755
64.3868621,-21.8466438
64.3883157,-21.8477331
64.3889853,-21.8486014
64.3898995,-21.8494323
64.39013,-21.8496211
64.3906128,-21.8498821
64.3918347,-21.8505845
64.3945989,-21.8561235
64.3947238,-21.8566955
64.3948278,-21.8572209
64.3955448,-21.8613682
64.396419,-21.8665231
64.3973829,-21.8734413
64.3978741,-21.8795928
64.4005079,-21.9004027
64.4055035,-21.9119582
64.4086618,-21.915081
64.4098199,-21.9157965
64.4239118,-21.9498298
64.4250759,-21.9529015
64.4278551,-21.9560893
64.4281373,-21.9562487
64.4385396,-21.9579886
64.4537607,-21.9603771
64.4538244,-21.9603872
64.4648893,-21.9634984
64.4658897,-21.9639555
64.4661263,-21.9640587
64.4668976,-21.9644051
64.4882012,-21.948917
64.5062248,-21.9228751
64.5085188,-21.9190051
64.5117618,-21.9068254
64.5122872,-21.9029339
64.5133223,-21.8963406
64.5149821,-21.8913479
64.5176352,-21.8875976
64.5219435,-21.886292
64.5224598,-21.8860905
64.5256988,-21.8838597
64.5260872,-21.8836285
64.5269056,-21.8835047
64.5269708,-21.883503
64.5319761,-21.8885693
64.5319993,-21.8886164
64.5353052,-21.8966357
64.5353778,-21.8968309
64.538828,-21.9051599
64.5400735,-21.9068268
64.5401582,-21.9069066
64.541141,-21.9076583
64.542854,-21.9079328
64.5433963,-21.9078426
64.5437067,-21.9078109
64.5441529,-21.9087497
64.5445018,-21.9100515
64.5448266,-21.9102632
64.5462058,-21.9098939
64.5464007,-21.9099218
64.5468061,-21.9101013
64.5482719,-21.9106771
64.5492525,-21.9102032
64.5496758,-21.9097289
64.5499676,-21.909413
64.5506811,-21.908646
64.5512076,-21.9080102
64.552717,-21.906297
64.5535322,-21.9054025
64.553821,-21.9049961
64.5541882,-21.9046455
64.5551904,-21.9036238
64.558166,-21.899273
64.5595849,-21.897718
64.5600132,-21.8973693
64.5603576,-21.897414
64.5606954,-21.8977013
64.5617327,-21.8972767
64.5633073,-21.8962527
64.5644941,-21.8952415
64.567302,-21.8928126
64.5752741,-21.8828177
64.5753414,-21.8827081
64.5783366,-21.8768788
64.5793178,-21.8748774
64.5800364,-21.8732914
64.582148,-21.8682271
64.5855127,-21.859481
64.5887507,-21.8509478
64.5904097,-21.8457388
64.5956822,-21.8323955
64.5958653,-21.8319683
64.5995678,-21.8263522
64.6104628,-21.8139858
64.6128693,-21.8067453
64.6145304,-21.8006684
64.6160527,-21.7958203
64.6166831,-21.7940809
64.6168974,-21.7935439
64.6183328,-21.7905129
64.6187873,-21.789716
64.6224521,-21.7851152
64.6291025,-21.7726308
64.6331963,-21.7699367
64.6364794,-21.7680558
64.640076,-21.7657674
64.6428119,-21.7630119
64.64335,-21.7619149
64.6492228,-21.7438765
64.6500723,-21.7423971
64.6538924,-21.7354689
64.6574458,-21.7282738
64.6575372,-21.7278057
64.6578132,-21.7252703
64.6578405,-21.7242144
64.6578022,-21.7201397
64.6596437,-21.711452
64.6612409,-21.7092357
64.6653509,-21.7040149
64.6654405,-21.7038596
64.666616,-21.7012431
64.6669838,-21.7002178
64.6676087,-21.6978036
64.6679949,-21.6956279
64.6704209,-21.6810588
64.6706494,-21.6796949
64.6708342,-21.6786511
64.6708789,-21.6783778
64.674402,-21.6669621
64.6762128,-21.664841
64.678602,-21.6620994
64.6833771,-21.6555134
64.6871531,-21.6496371
64.6874739,-21.6491966
64.6938716,-21.639587
64.6943344,-21.6385338
64.6965615,-21.6346615
64.6986719,-21.6318782
64.7016651,-21.6295172
64.702184,-21.6292887
64.7070969,-21.6244503
64.7073264,-21.6241941
64.7086347,-21.6230147
64.7106716,-21.6206649
64.7114237,-21.6191394
64.711738,-21.6183519
64.7131947,-21.6139395
64.7215191,-21.6021194
64.7247965,-21.5993901
64.7347159,-21.5914232
64.7396267,-21.5839584
64.7399723,-21.5834463
64.7510115,-21.5731263
64.7560668,-21.5631302
64.7569391,-21.5613505
64.7580456,-21.5586472
64.7598725,-21.5555035
64.7620398,-21.5542826
64.7638448,-21.5531522
64.763946,-21.5530404
64.7650439,-21.5516773
64.7658417,-21.5501214
64.7679666,-21.541817
64.7681095,-21.540602
64.7707211,-21.531646
64.7718256,-21.529793
64.7728737,-21.5274755
64.7734211,-21.525988
64.7739859,-21.5243679
64.7769893,-21.5189524
64.7783234,-21.5150306
64.7797375,-21.5090284
64.781966,-21.5061075
64.7871357,-21.5045027
64.7935996,-21.4897369
64.7983104,-21.4747863
64.7984322,-21.4743491
64.7987078,-21.4733344
64.7998584,-21.4692187
64.8010008,-21.4650993
64.80168,-21.4626121
64.8031518,-21.4571713
64.8053514,-21.429902
64.8058288,-21.4268641
64.814429,-21.4117072
64.8161442,-21.4075459
64.8215982,-21.3902943
64.8220962,-21.3892154
64.8221755,-21.3890645
64.8243251,-21.3849894
64.8301465,-21.372276
64.8310939,-21.3687368
64.8343236,-21.3584358
64.8348688,-21.3568264
64.8361325,-21.3520467
64.838326,-21.3363104
64.8409266,-21.3245287
64.840959,-21.3242349
64.8413725,-21.3142003
64.8447201,-21.2943408
64.8450784,-21.2888714
64.8450565,-21.2883475
64.8447945,-21.2856882
64.8444788,-21.2837858
64.8438235,-21.2805267
64.8434819,-21.2787198
64.843261,-21.2772748
64.8429862,-21.2748381
64.8428354,-21.2718018
64.8427286,-21.2696273
64.8426266,-21.2669462
64.842457,-21.2611896
64.8426783,-21.2567263
64.8428965,-21.2553274
64.8574061,-21.21373
64.8576306,-21.2133339
64.8580668,-21.2125072
64.8615064,-21.2090298
64.865471,-21.2082721
64.865953,-21.2080597
64.8783529,-21.198494
64.883233,-21.1945939
64.8857197,-21.1922139
64.8926122,-21.1898696
64.9016535,-21.1838985
64.9029086,-21.1832811
64.9031687,-21.1831789
64.9034323,-21.1831078
64.9328693,-21.0779481
64.9339185,-21.0747572
64.9340274,-21.0744174
64.934398,-21.0731855
64.9394829,-21.0557855
64.9483192,-21.0562014
64.9582415,-21.0603833
64.9586762,-21.0604628
64.9610474,-21.0605255
64.9652455,-21.0628778
64.9670955,-21.0648841
64.9776577,-21.0648652
64.9825173,-21.0582786
64.9902979,-21.0575471
64.9973364,-21.0672729
65.0310663,-21.0891232
65.0319086,-21.0898823
65.0587981,-21.1016606
65.0653191,-21.1108947
65.0667009,-21.1114043
65.0779718,-21.102891
65.0858959,-21.0893726
65.0936482,-21.0897374
65.1080893,-21.0977304
65.1086692,-21.0977693
65.1090319,-21.0977626
65.1106809,-21.0970383
65.1119619,-21.0958154
65.1121736,-21.095578
65.1134838,-21.0941836
65.1171759,-21.092924
65.135653,-21.0874666
65.1358628,-21.0875257
65.1387291,-21.0876978
65.1410995,-21.0864463
65.1432397,-21.08405
65.1449481,-21.0809326
65.1458804,-21.0785365
65.1466943,-21.0760635
65.1476394,-21.0728852
65.1479706,-21.0717979
65.1514377,-21.0629314
65.1520981,-21.0619229
65.1528307,-21.0609788
65.1586976,-21.0578781
65.1602142,-21.0575295
65.1781145,-21.0577762
65.1802669,-21.0586287
65.1857115,-21.0596055
65.193644,-21.0589618
65.1985275,-21.0593319
65.2021299,-21.0610324
65.2021698,-21.0610424
65.2108087,-21.0672675
65.2159861,-21.0697584
65.2189912,-21.0708332
65.2277973,-21.0729543
65.2293386,-21.0743214
65.2315624,-21.0768623
65.2466097,-21.0895175
65.2495353,-21.0888246
65.2511342,-21.0883748
65.2513374,-21.0883158
65.2713193,-21.0820931
65.2714585,-21.0817981
65.2726478,-21.0795611
65.2748109,-21.0754529
65.2918303,-21.0166129
65.2934609,-21.0075667
65.2941494,-21.0042161
65.3030742,-20.9764775
65.3036915,-20.9740947
65.3160506,-20.9353285
65.3200718,-20.9226079
65.3208936,-20.9190711
65.3214895,-20.916899
65.3223531,-20.9143085
65.3228131,-20.9131569
65.3232801,-20.9120798
65.3288735,-20.9031531
65.3309356,-20.9001812
65.3316666,-20.8991339
65.3321758,-20.8984232
65.3329177,-20.897392
65.3344745,-20.8962443
65.3355397,-20.8960614
65.3499911,-20.8906575
65.3509209,-20.8885581
65.3522166,-20.8847347
65.3525501,-20.8835148
65.3531855,-20.8805987
65.3533275,-20.8713718
65.3475629,-20.8399203
65.344202,-20.8086132
65.3442619,-20.8046683
65.3444547,-20.7931682
65.344756,-20.7838134
65.3459061,-20.776786
65.3491974,-20.7663808
65.3506328,-20.762024
65.351061,-20.7607218
65.353227,-20.753827
65.3536313,-20.7498215
65.3533654,-20.7464081
65.3526776,-20.7412929
65.352059,-20.7337313
65.3526095,-20.7212557
65.3526778,-20.7206978
65.3531812,-20.7165807
65.3552563,-20.6993846
65.3559061,-20.6940198
65.3560758,-20.6925933
65.3607284,-20.6644849
65.3611599,-20.6628136
65.3616438,-20.660992
65.3760708,-20.6437317
65.3772825,-20.6438059
65.3784337,-20.6439012
65.3790741,-20.6439475
65.3803296,-20.6440339
65.3808421,-20.6440805
65.3809393,-20.6441092
65.3817462,-20.6442115
65.3817908,-20.6442093
65.3910515,-20.6449235
65.3963809,-20.6394183
65.3979476,-20.6383361
65.4062182,-20.633274
65.408874,-20.6311146
65.4110122,-20.629196
65.4119133,-20.6279023
65.4120691,-20.6277029
65.412871,-20.6262528
65.4134067,-20.6252713
65.4145298,-20.6231497
65.414987,-20.6223494
65.4151186,-20.6221128
65.4245029,-20.6020781
65.4320803,-20.5923425
65.4398668,-20.585581
65.4462008,-20.5753685
65.446643,-20.5744606
65.4470343,-20.5736644
65.4471424,-20.573439
65.4489139,-20.5696627
65.4538233,-20.5592256
65.4548654,-20.5567797
65.4595697,-20.5423546
65.4671536,-20.5179021
65.4685529,-20.5116246
65.4720188,-20.4830288
65.4727425,-20.476958
65.4749454,-20.4695112
65.4785758,-20.4627094
65.481561,-20.4464556
65.481744,-20.445165
65.481971,-20.4434377
65.4837539,-20.4367303
65.4898014,-20.4237342
65.490242,-20.4224896
65.4950092,-20.4084676
65.50419,-20.378596
65.5039737,-20.37561
65.5040684,-20.37322
65.5048656,-20.369037
65.5064581,-20.3630304
65.5066916,-20.3621668
65.5070519,-20.3608203
65.5072476,-20.3600371
65.5089244,-20.3535354
65.5092869,-20.3521729
65.5128603,-20.338971
65.5132583,-20.3381127
65.5138697,-20.3371954
65.5185229,-20.3366107
65.5214609,-20.3379238
65.5265667,-20.3405911
65.5283579,-20.341267
65.5290356,-20.3413689
65.5294556,-20.3415459
65.5357195,-20.3418594
65.53878,-20.3405803
65.5399528,-20.3403229
65.5424226,-20.3410578
65.5444178,-20.3423126
65.5487867,-20.3452981
65.5509031,-20.3437775
65.5509873,-20.3436985
65.5536739,-20.3421736
65.5571324,-20.3409237
65.5576929,-20.3409585
65.5577972,-20.3396443
65.5530719,-20.3139839
65.5500981,-20.3013747
65.5414259,-20.2374451
65.5400345,-20.2114494
65.539849,-20.2077432
65.5398105,-20.2071025
65.5397118,-20.2052165
65.5393874,-20.1988592
65.5382281,-20.176062
65.5381603,-20.1748515
65.5322205,-20.1522251
65.5082673,-20.1040437
65.5063731,-20.1024702
65.5035732,-20.1002425
65.4994203,-20.0969546
65.5023772,-20.0549244
65.502524,-20.0533791
65.5026008,-20.0525986
65.5026458,-20.0522369
65.5086871,-20.0310187
65.5088967,-20.0299233
65.5090433,-20.0293242
65.5121467,-20.0191913
65.5015174,-19.9587058
65.5015514,-19.9570077
65.5016326,-19.9568685
65.5019281,-19.9563628
65.5027236,-19.9550281
65.5047744,-19.9515742
65.5098227,-19.94296
65.4996123,-19.9035
65.4950443,-19.8852302
65.4935577,-19.8759762
65.4903966,-19.8563397
65.4903953,-19.8557828
65.4904772,-19.8535306
65.4912368,-19.8514903
65.4942238,-19.8525896
65.4985475,-19.8569619
65.5000912,-19.8590283
65.504438,-19.8650954
65.5165421,-19.8699868
65.5183899,-19.8700419
65.5230997,-19.8686376
65.5233542,-19.8679939
65.5237984,-19.8669095
65.5230066,-19.8647032
65.5222484,-19.8624122
65.5218483,-19.8599178
65.5243354,-19.8050827
65.5244909,-19.8040823
65.5246566,-19.8030173
65.5246033,-19.7975122
65.5104232,-19.7549844
65.5120754,-19.7392184
65.5110881,-19.7183991
65.5199806,-19.6299139
65.5201666,-19.6254228
65.5167383,-19.6028847
65.5151951,-19.5915262
65.5151733,-19.5907178
65.5151712,-19.5903572
65.515246,-19.5881494
65.51544,-19.5864022
65.5167756,-19.5792139
65.5231279,-19.5500938
65.527273,-19.5299433
65.5280861,-19.5262976
65.5296231,-19.5188949
65.5452457,-19.4950378
65.5488733,-19.4874175
65.5481608,-19.4781426
65.5449514,-19.4722174
65.5441622,-19.4669248
65.5465356,-19.4426841
65.5469936,-19.4418522
65.5475581,-19.4412969
65.54796,-19.4411193
65.5485985,-19.4411205
65.5488202,-19.4411836
65.551065,-19.4433518
65.5524584,-19.4444901
65.5533148,-19.4452872
65.5533915,-19.4453799
65.553439,-19.4451401
65.55375,-19.4423184
65.5539333,-19.4396697
65.5539844,-19.4390181
65.554194,-19.4364028
65.5543403,-19.4330616
65.5543369,-19.4324365
65.5542799,-19.4310709
65.55404,-19.4286274
65.5526066,-19.4214707
65.5484723,-19.3870062
65.5489161,-19.3831008
65.5492169,-19.3804973
65.5493288,-19.3795544
65.550992,-19.3651689
65.5511229,-19.3640165
65.5516092,-19.3598843
65.5516963,-19.3471542
65.5515048,-19.3461354
65.5512497,-19.3450451
65.5507185,-19.3432415
65.5412054,-19.3311502
65.5407826,-19.3306877
65.540454,-19.3303309
65.5357337,-19.3242907
65.5352355,-19.323257
65.5327964,-19.3189526
65.5238385,-19.3090116
65.5204001,-19.3052709
65.5180533,-19.3028833
65.5114362,-19.2965817
65.5105455,-19.2957631
65.509262,-19.2946458
65.5019111,-19.291688
65.5018816,-19.2916588
65.5015514,-19.2913317
65.5003034,-19.2901039
65.4999608,-19.2897713
65.4964807,-19.287364
65.4913613,-19.2869228
65.4872554,-19.2858446
65.4774845,-19.2769463
65.4748861,-19.2726986
65.4711153,-19.2645746
65.4623538,-19.2473012
65.4536885,-19.2274046
65.4526688,-19.2245079
65.4465093,-19.2095707
65.445125,-19.2066228
65.4375085,-19.1838929
65.4337952,-19.1624732
65.4334143,-19.160465
65.4330047,-19.1576635
65.4540028,-18.9734525
65.4542455,-18.9695788
65.4543246,-18.9682258
65.4643891,-18.8690859
65.4686905,-18.7442828
65.4681202,-18.7012658
65.467967,-18.6982339
65.4732699,-18.670696
65.4856311,-18.6485045
65.4862777,-18.6476496
65.4906503,-18.6419337
65.5124353,-18.6050097
65.5217421,-18.5948426
65.5219344,-18.5944168
65.5227634,-18.5923854
65.5567769,-18.548343
65.5696991,-18.546165
65.5700554,-18.5459978
65.5705573,-18.5456742
65.5713778,-18.5450866
65.5793046,-18.5420384
65.5853253,-18.533603
65.5897773,-18.5242367
65.594715,-18.5164956
65.5947926,-18.5164295
65.6006058,-18.5117351
65.6022629,-18.5102269
65.6041198,-18.5085456
65.6103734,-18.5054237
65.6219794,-18.4904167
65.6304706,-18.4808708
65.6625252,-18.4265053
65.669675,-18.4156591
65.6723233,-18.4135043
65.6752972,-18.4132319
65.6827583,-18.4096077
65.6836813,-18.4085931
65.684046,-18.4080942
65.6920484,-18.3931236
65.7039565,-18.3706459
65.7040409,-18.3705219
65.7043458,-18.3700185
65.7120832,-18.3544088
65.715115,-18.3449025
65.7166547,-18.3396475
65.7297977,-18.3079006
65.7308852,-18.3055509
65.7312946,-18.3047524
65.7314127,-18.3045379
65.7321098,-18.3031584
65.741246,-18.2810706
65.7428511,-18.2747879
65.7452865,-18.266561
65.7466205,-18.2554525
65.7466557,-18.2511503
65.7481365,-18.2269648
65.7479492,-18.2256291
65.7477793,-18.2245475
65.7469283,-18.2114024
65.7457829,-18.2076559
65.7438917,-18.2018802
65.7376159,-18.1918197
65.7317447,-18.1872978
65.7297538,-18.1857656
65.7286546,-18.1849125
65.7279891,-18.1843975
65.7236085,-18.1806541
65.7226346,-18.1795867
65.721083,-18.1776574
65.7199325,-18.1760552
65.7169378,-18.1717735
65.7159884,-18.1704265
65.7134319,-18.166783
65.712524,-18.1655036
65.7113603,-18.1638335
65.7100063,-18.1619074
65.7086523,-18.1599846
65.7081463,-18.1592986
65.7066816,-18.1574222
65.7037877,-18.1533311
65.7033015,-18.1524302
65.7026674,-18.1510427
65.7020972,-18.1495915
65.7011558,-18.1467039
65.6999124,-18.1418771
65.6997223,-18.1414068
65.6996123,-18.1413507
65.6995252,-18.1410765
65.6995474,-18.1407227
65.6994858,-18.1400988
65.6982564,-18.1348392
65.6961008,-18.1256175
65.6956689,-18.1238621
65.6956306,-18.1236854
65.6955143,-18.1232205
65.6950088,-18.1210832
65.6949426,-18.1208032
65.6920623,-18.1107994
65.6914477,-18.1093788
65.6913369,-18.1093199
65.6912325,-18.1089166
65.6912411,-18.1087473
65.6909173,-18.1077553
65.6906202,-18.106941
65.6890841,-18.1029834
65.6888138,-18.1022084
65.6886788,-18.1018132
65.6886119,-18.1016384
65.6884493,-18.101208
65.6881849,-18.1004374
65.6880149,-18.0998331
65.687736,-18.0988084
65.6858684,-18.0922484
65.6846999,-18.0905848
65.6845059,-18.0915097
65.684472,-18.0916692
65.6842728,-18.0925767
65.6841949,-18.0929135
65.6839547,-18.0926764
65.6835202,-18.0920523
65.6830264,-18.0913895
65.6827831,-18.0910897
